# name: debug
# type: sparse matrix
# nnz: 1764
# rows: 42
# columns: 42

1 1 123296.18
2 1 -9874.669
3 1 -24571.5927
4 1 -7768.66398
5 1 154943.592
6 1 13361.8652
7 1 -5318.14704
8 1 -165.137099
9 1 -1183.71058
10 1 11157.3489
11 1 -108145.855
12 1 -14971.2641
13 1 -218.736247
14 1 -1.08261169
15 1 30.7953253
16 1 367.868309
17 1 -9350.82974
18 1 1996.34233
19 1 -66.6251023
20 1 -4.49705847
21 1 16.6491186
22 1 339.060513
23 1 -2837.16948
24 1 507.584497
25 1 -35.85111
26 1 -9.26370965
27 1 5.22203406
28 1 235.781318
29 1 -904.54427
30 1 199.843945
31 1 -0.479514844
32 1 -0.020350939
33 1 0.118229508
34 1 13.3360518
35 1 -139.298591
36 1 29.2203067
37 1 -0.506578909
38 1 -0.0421596945
39 1 0.135745793
40 1 18.176976
41 1 -144.398919
42 1 22.1864058
1 2 -9874.669
2 2 70110.5062
3 2 11431.8812
4 2 -153917.539
5 2 7547.34066
6 2 3762.39069
7 2 321.637687
8 2 -5258.60589
9 2 -1210.70961
10 2 108127.931
11 2 -1562.30656
12 2 10818.3224
13 2 2.76589073
14 2 -214.042196
15 2 49.7280935
16 2 9356.63315
17 2 -206.15182
18 2 -1398.06508
19 2 3.96179498
20 2 -65.5451637
21 2 13.9810892
22 2 2666.46108
23 2 15.0675716
24 2 -700.003811
25 2 -4.23776998
26 2 -48.3442353
27 2 13.031873
28 2 1206.65558
29 2 -112.329085
30 2 -95.9284687
31 2 -0.00232012386
32 2 -0.474822227
33 2 0.111746047
34 2 137.079353
35 2 -8.0357976
36 2 -30.6668017
37 2 0.022442585
38 2 -0.494047793
39 2 0.0868201976
40 2 135.842723
41 2 -0.0202582886
42 2 -34.4049766
1 3 -24571.5927
2 3 11431.8812
3 3 3642.49623
4 3 -15898.8545
5 3 -1244.92393
6 3 228.631896
7 3 -897.673794
8 3 -1329.80304
9 3 -1123.49412
10 3 20541.4855
11 3 -9767.82963
12 3 506.336944
13 3 54.6975134
14 3 47.3696951
15 3 -19.4451465
16 3 -2076.83124
17 3 2515.56238
18 3 -230.648886
19 3 19.5942972
20 3 15.6294793
21 3 -8.78639685
22 3 -667.570466
23 3 919.479993
24 3 -17.5156412
25 3 9.14245523
26 3 12.6948845
27 3 -4.06089091
28 3 -312.262134
29 3 247.431179
30 3 -29.1009277
31 3 0.156041022
32 3 0.0849729598
33 3 -0.0568371366
34 3 -26.7575111
35 3 46.609771
36 3 -4.48612262
37 3 0.160731068
38 3 0.0952520269
39 3 -0.0584127641
40 3 -28.1337744
41 3 46.9554796
42 3 -1.5862817
1 4 -7768.66398
2 4 -153917.539
3 4 -15898.8545
4 4 14608570
5 4 -1275553.05
6 4 -3818212.38
7 4 946.220428
8 4 110926.896
9 4 19175.2583
10 4 -3549457.82
11 4 254815.664
12 4 258903.67
13 4 499.111864
14 4 11605.3889
15 4 -2686.76678
16 4 -755444.355
17 4 64162.4973
18 4 129886.762
19 4 27.9635419
20 4 3923.27411
21 4 -868.946192
22 4 -291049.612
23 4 19603.8386
24 4 79935.3525
25 4 283.196533
26 4 2414.47002
27 4 -643.707606
28 4 -105183.978
29 4 12022.7406
30 4 18755.6089
31 4 8.60467926
32 4 147.327392
33 4 -36.3333178
34 4 -46789.519
35 4 5260.35193
36 4 9952.69781
37 4 1.37553364
38 4 153.183984
39 4 -28.8153973
40 4 -46358.5995
41 4 2617.6079
42 4 11332.0481
1 5 154943.592
2 5 7547.34066
3 5 -1244.92393
4 5 -1275553.05
5 5 16655558.4
6 5 -1267965.73
7 5 -109798.364
8 5 -10398.4037
9 5 -14600.2907
10 5 536668.274
11 5 -3674485.41
12 5 45185.2491
13 5 -12116.9796
14 5 -692.319422
15 5 2003.48814
16 5 77874.9694
17 5 -814385.368
18 5 137926.523
19 5 -4204.33549
20 5 -543.49381
21 5 1201.54992
22 5 59494.836
23 5 -341372.897
24 5 44414.4797
25 5 -1845.50205
26 5 -558.869916
27 5 325.94722
28 5 22838.215
29 5 -102592.942
30 5 15778.6843
31 5 -160.206334
32 5 -14.615547
33 5 41.4119713
34 5 7389.45856
35 5 -51408.0482
36 5 10073.1546
37 5 -168.319866
38 5 -22.1419025
39 5 46.7282104
40 5 9119.7915
41 5 -53015.2302
42 5 7398.40263
1 6 13361.8652
2 6 3762.39069
3 6 228.631896
4 6 -3818212.38
5 6 -1267965.73
6 6 1843071.23
7 6 -17611.2502
8 6 6777.37853
9 6 -882.64826
10 6 384457.213
11 6 -36504.2632
12 6 -454518.149
13 6 2431.69076
14 6 -2882.17827
15 6 280.124691
16 6 203974.895
17 6 130806.489
18 6 -67532.214
19 6 872.231975
20 6 -1127.40289
21 6 24.0573378
22 6 85972.3507
23 6 56775.395
24 6 -36344.2592
25 6 330.044435
26 6 -444.411324
27 6 81.1111789
28 6 25353.7558
29 6 15455.1426
30 6 -9114.13292
31 6 23.415062
32 6 -45.5096005
33 6 5.03757773
34 6 14072.1946
35 6 6577.59725
36 6 -4875.87323
37 6 27.1067609
38 6 -46.1760666
39 6 1.71932363
40 6 13650.6728
41 6 7702.021
42 6 -4894.56278
1 7 -5318.14704
2 7 321.637687
3 7 -897.673794
4 7 946.220428
5 7 -109798.364
6 7 -17611.2502
7 7 13299.5924
8 7 -405.533007
9 7 -289.001752
10 7 -8180.48593
11 7 498114.551
12 7 -13730.6374
13 7 -1339.49988
14 7 297.023855
15 7 275.617913
16 7 -1369.71407
17 7 -55045.1429
18 7 8420.45654
19 7 -307.157901
20 7 -12.9434389
21 7 77.0987024
22 7 1362.32745
23 7 -16159.3575
24 7 2530.8429
25 7 -104.922706
26 7 -8.54238898
27 7 27.4835161
28 7 498.887809
29 7 -5459.99785
30 7 931.889427
31 7 -79.0044682
32 7 0.306072647
33 7 20.0229125
34 7 229.437922
35 7 -4106.5828
36 7 993.546511
37 7 -31.0314524
38 7 -2.19061332
39 7 4.52861502
40 7 113.413689
41 7 -1118.66267
42 7 232.966007
1 8 -165.137099
2 8 -5258.60589
3 8 -1329.80304
4 8 110926.896
5 8 -10398.4037
6 8 6777.37853
7 8 -405.533007
8 8 13700.7687
9 8 560.140746
10 8 -495447.94
11 8 8132.90383
12 8 80818.3848
13 8 220.809897
14 8 -1564.38528
15 8 217.326846
16 8 55035.1371
17 8 -1538.99151
18 8 -10948.457
19 8 6.34916193
20 8 -309.444393
21 8 60.1428841
22 8 15280.3872
23 8 -394.958125
24 8 -4130.37191
25 8 -5.51357433
26 8 -116.883932
27 8 25.6414314
28 8 5366.96344
29 8 -381.095626
30 8 -1394.25905
31 8 -1.96573025
32 8 -80.6197776
33 8 21.3658956
34 8 4178.77364
35 8 -353.974955
36 8 -956.262675
37 8 0.26098474
38 8 -33.5435822
39 8 7.669353
40 8 1223.47369
41 8 -28.0428138
42 8 -170.594957
1 9 -1183.71058
2 9 -1210.70961
3 9 -1123.49412
4 9 19175.2583
5 9 -14600.2907
6 9 -882.64826
7 9 -289.001752
8 9 560.140746
9 9 2684.86935
10 9 13543.069
11 9 -87042.0169
12 9 67.0856464
13 9 372.567553
14 9 251.856794
15 9 -184.770677
16 9 -12219.032
17 9 18496.6353
18 9 -173.420242
19 9 82.7673348
20 9 76.6456013
21 9 -38.1362066
22 9 -3846.10505
23 9 4924.06071
24 9 176.939105
25 9 29.5414968
26 9 29.0376374
27 9 -14.3046629
28 9 -1349.79506
29 9 1684.74037
30 9 43.2896647
31 9 24.5945817
32 9 17.404975
33 9 -11.1884598
34 9 -980.50712
35 9 1328.51781
36 9 -93.0751369
37 9 7.58497284
38 9 8.0651478
39 9 -2.83968354
40 9 -299.35854
41 9 288.657045
42 9 -21.1436815
1 10 11157.3489
2 10 108127.931
3 10 20541.4855
4 10 -3549457.82
5 10 536668.274
6 10 384457.213
7 10 -8180.48593
8 10 -495447.94
9 10 13543.069
10 10 77937471.3
11 10 -2491236.32
12 10 -20385357.2
13 10 820.099943
14 10 71297.9823
15 10 -13906.0903
16 10 -4129975.69
17 10 540343.263
18 10 892047.916
19 10 887.124153
20 10 21338.7882
21 10 -4262.88638
22 10 -1475809.99
23 10 142229.015
24 10 414494.785
25 10 730.828092
26 10 8328.10876
27 10 -1860.7957
28 10 -536563.462
29 10 72493.4377
30 10 148111.519
31 10 567.422649
32 10 6588.11814
33 10 -1851.50549
34 10 -398111.662
35 10 57846.8762
36 10 82936.3903
37 10 105.224516
38 10 2545.97615
39 10 -592.403668
40 10 -141526.793
41 10 11597.4331
42 10 24005.9058
1 11 -108145.855
2 11 -1562.30656
3 11 -9767.82963
4 11 254815.664
5 11 -3674485.41
6 11 -36504.2632
7 11 498114.551
8 11 8132.90383
9 11 -87042.0169
10 11 -2491236.32
11 11 85981431.1
12 11 -1186874.98
13 11 -70346.5784
14 11 2914.76206
15 11 18755.9802
16 11 311602.572
17 11 -4535612.35
18 11 628952.858
19 11 -22004.5631
20 11 -2220.1291
21 11 6412.65233
22 11 232817.038
23 11 -1674543.44
24 11 200159.32
25 11 -8066.54989
26 11 -931.444454
27 11 2439.99199
28 11 81458.2663
29 11 -594519.334
30 11 84703.7436
31 11 -6768.45019
32 11 -387.682101
33 11 1822.36035
34 11 47529.2012
35 11 -410263.055
36 11 91306.3951
37 11 -2387.97262
38 11 -300.173582
39 11 397.297743
40 11 21649.2383
41 11 -140184.058
42 11 24570.9094
1 12 -14971.2641
2 12 10818.3224
3 12 506.336944
4 12 258903.67
5 12 45185.2491
6 12 -454518.149
7 12 -13730.6374
8 12 80818.3848
9 12 67.0856464
10 12 -20385357.2
11 12 -1186874.98
12 12 10427549.9
13 12 13208.3791
14 12 -19616.4493
15 12 236.731916
16 12 1172476.43
17 12 739468.383
18 12 -481300.354
19 12 4718.89402
20 12 -5636.20465
