# name: debug
# type: sparse matrix
# nnz: 1764
# rows: 42
# columns: 42

1 1 123296.18
2 1 -9874.669
3 1 -24571.5927
4 1 -7768.66398
5 1 154943.592
6 1 13361.8652
7 1 -5318.14704
8 1 -165.137099
9 1 -1183.71058
10 1 11157.3489
11 1 -108145.855
12 1 -14971.2641
13 1 -218.736247
14 1 -1.08261169
15 1 30.7953253
16 1 367.868309
17 1 -9350.82974
18 1 1996.34233
19 1 -66.6251023
20 1 -4.49705847
21 1 16.6491186
22 1 339.060513
23 1 -2837.16948
24 1 507.584497
25 1 -35.85111
26 1 -9.26370965
27 1 5.22203406
28 1 235.781318
29 1 -904.54427
30 1 199.843945
31 1 -0.479514844
32 1 -0.020350939
33 1 0.118229508
34 1 13.3360518
35 1 -139.298591
36 1 29.2203067
37 1 -0.506578909
38 1 -0.0421596945
39 1 0.135745793
40 1 18.176976
41 1 -144.398919
42 1 22.1864058
1 2 -9874.669
2 2 70110.5062
3 2 11431.8812
4 2 -153917.539
5 2 7547.34066
6 2 3762.39069
7 2 321.637687
8 2 -5258.60589
9 2 -1210.70961
10 2 108127.931
11 2 -1562.30656
12 2 10818.3224
13 2 2.76589073
14 2 -214.042196
15 2 49.7280935
16 2 9356.63315
17 2 -206.15182
18 2 -1398.06508
19 2 3.96179498
20 2 -65.5451637
21 2 13.9810892
22 2 2666.46108
23 2 15.0675716
24 2 -700.003811
25 2 -4.23776998
26 2 -48.3442353
27 2 13.031873
28 2 1206.65558
29 2 -112.329085
30 2 -95.9284687
31 2 -0.00232012386
32 2 -0.474822227
33 2 0.111746047
34 2 137.079353
35 2 -8.0357976
36 2 -30.6668017
37 2 0.022442585
38 2 -0.494047793
39 2 0.0868201976
40 2 135.842723
41 2 -0.0202582886
42 2 -34.4049766
1 3 -24571.5927
2 3 11431.8812
3 3 3642.49623
4 3 -15898.8545
5 3 -1244.92393
6 3 228.631896
7 3 -897.673794
8 3 -1329.80304
9 3 -1123.49412
10 3 20541.4855
11 3 -9767.82963
12 3 506.336944
13 3 54.6975134
14 3 47.3696951
15 3 -19.4451465
16 3 -2076.83124
17 3 2515.56238
18 3 -230.648886
19 3 19.5942972
20 3 15.6294793
21 3 -8.78639685
22 3 -667.570466
23 3 919.479993
24 3 -17.5156412
25 3 9.14245523
26 3 12.6948845
27 3 -4.06089091
28 3 -312.262134
29 3 247.431179
30 3 -29.1009277
31 3 0.156041022
32 3 0.0849729598
33 3 -0.0568371366
34 3 -26.7575111
35 3 46.609771
36 3 -4.48612262
37 3 0.160731068
38 3 0.0952520269
39 3 -0.0584127641
40 3 -28.1337744
41 3 46.9554796
42 3 -1.5862817
1 4 -7768.66398
2 4 -153917.539
3 4 -15898.8545
4 4 14608570
5 4 -1275553.05
6 4 -3818212.38
7 4 946.220428
8 4 110926.896
9 4 19175.2583
10 4 -3549457.82
11 4 254815.664
12 4 258903.67
13 4 499.111864
14 4 11605.3889
15 4 -2686.76678
16 4 -755444.355
17 4 64162.4973
18 4 129886.762
19 4 27.9635419
20 4 3923.27411
21 4 -868.946192
22 4 -291049.612
23 4 19603.8386
24 4 79935.3525
25 4 283.196533
26 4 2414.47002
27 4 -643.707606
28 4 -105183.978
29 4 12022.7406
30 4 18755.6089
31 4 8.60467926
32 4 147.327392
33 4 -36.3333178
34 4 -46789.519
35 4 5260.35193
36 4 9952.69781
37 4 1.37553364
38 4 153.183984
39 4 -28.8153973
40 4 -46358.5995
41 4 2617.6079
42 4 11332.0481
1 5 154943.592
2 5 7547.34066
3 5 -1244.92393
4 5 -1275553.05
5 5 16655558.4
6 5 -1267965.73
7 5 -109798.364
8 5 -10398.4037
9 5 -14600.2907
10 5 536668.274
11 5 -3674485.41
12 5 45185.2491
13 5 -12116.9796
14 5 -692.319422
15 5 2003.48814
16 5 77874.9694
17 5 -814385.368
18 5 137926.523
19 5 -4204.33549
20 5 -543.49381
21 5 1201.54992
22 5 59494.836
23 5 -341372.897
24 5 44414.4797
25 5 -1845.50205
26 5 -558.869916
27 5 325.94722
28 5 22838.215
29 5 -102592.942
30 5 15778.6843
31 5 -160.206334
32 5 -14.615547
33 5 41.4119713
34 5 7389.45856
35 5 -51408.0482
36 5 10073.1546
37 5 -168.319866
38 5 -22.1419025
39 5 46.7282104
40 5 9119.7915
41 5 -53015.2302
42 5 7398.40263
1 6 13361.8652
2 6 3762.39069
3 6 228.631896
4 6 -3818212.38
5 6 -1267965.73
6 6 1843071.23
7 6 -17611.2502
8 6 6777.37853
9 6 -882.64826
10 6 384457.213
11 6 -36504.2632
12 6 -454518.149
13 6 2431.69076
14 6 -2882.17827
15 6 280.124691
16 6 203974.895
17 6 130806.489
18 6 -67532.214
19 6 872.231975
20 6 -1127.40289
21 6 24.0573378
22 6 85972.3507
23 6 56775.395
24 6 -36344.2592
25 6 330.044435
26 6 -444.411324
27 6 81.1111789
28 6 25353.7558
29 6 15455.1426
30 6 -9114.13292
31 6 23.415062
32 6 -45.5096005
33 6 5.03757773
34 6 14072.1946
35 6 6577.59725
36 6 -4875.87323
37 6 27.1067609
38 6 -46.1760666
39 6 1.71932363
40 6 13650.6728
41 6 7702.021
42 6 -4894.56278
1 7 -5318.14704
2 7 321.637687
3 7 -897.673794
4 7 946.220428
5 7 -109798.364
6 7 -17611.2502
7 7 13299.5924
8 7 -405.533007
9 7 -289.001752
10 7 -8180.48593
11 7 498114.551
12 7 -13730.6374
13 7 -1339.49988
14 7 297.023855
15 7 275.617913
16 7 -1369.71407
17 7 -55045.1429
18 7 8420.45654
19 7 -307.157901
20 7 -12.9434389
21 7 77.0987024
22 7 1362.32745
23 7 -16159.3575
24 7 2530.8429
25 7 -104.922706
26 7 -8.54238898
27 7 27.4835161
28 7 498.887809
29 7 -5459.99785
30 7 931.889427
31 7 -79.0044682
32 7 0.306072647
33 7 20.0229125
34 7 229.437922
35 7 -4106.5828
36 7 993.546511
37 7 -31.0314524
38 7 -2.19061332
39 7 4.52861502
40 7 113.413689
41 7 -1118.66267
42 7 232.966007
1 8 -165.137099
2 8 -5258.60589
3 8 -1329.80304
4 8 110926.896
5 8 -10398.4037
6 8 6777.37853
7 8 -405.533007
8 8 13700.7687
9 8 560.140746
10 8 -495447.94
11 8 8132.90383
12 8 80818.3848
13 8 220.809897
14 8 -1564.38528
15 8 217.326846
16 8 55035.1371
17 8 -1538.99151
18 8 -10948.457
19 8 6.34916193
20 8 -309.444393
21 8 60.1428841
22 8 15280.3872
23 8 -394.958125
24 8 -4130.37191
25 8 -5.51357433
26 8 -116.883932
27 8 25.6414314
28 8 5366.96344
29 8 -381.095626
30 8 -1394.25905
31 8 -1.96573025
32 8 -80.6197776
33 8 21.3658956
34 8 4178.77364
35 8 -353.974955
36 8 -956.262675
37 8 0.26098474
38 8 -33.5435822
39 8 7.669353
40 8 1223.47369
41 8 -28.0428138
42 8 -170.594957
1 9 -1183.71058
2 9 -1210.70961
3 9 -1123.49412
4 9 19175.2583
5 9 -14600.2907
6 9 -882.64826
7 9 -289.001752
8 9 560.140746
9 9 2684.86935
10 9 13543.069
11 9 -87042.0169
12 9 67.0856464
13 9 372.567553
14 9 251.856794
15 9 -184.770677
16 9 -12219.032
17 9 18496.6353
18 9 -173.420242
19 9 82.7673348
20 9 76.6456013
21 9 -38.1362066
22 9 -3846.10505
23 9 4924.06071
24 9 176.939105
25 9 29.5414968
26 9 29.0376374
27 9 -14.3046629
28 9 -1349.79506
29 9 1684.74037
30 9 43.2896647
31 9 24.5945817
32 9 17.404975
33 9 -11.1884598
34 9 -980.50712
35 9 1328.51781
36 9 -93.0751369
37 9 7.58497284
38 9 8.0651478
39 9 -2.83968354
40 9 -299.35854
41 9 288.657045
42 9 -21.1436815
1 10 11157.3489
2 10 108127.931
3 10 20541.4855
4 10 -3549457.82
5 10 536668.274
6 10 384457.213
7 10 -8180.48593
8 10 -495447.94
9 10 13543.069
10 10 77937471.3
11 10 -2491236.32
12 10 -20385357.2
13 10 820.099943
14 10 71297.9823
15 10 -13906.0903
16 10 -4129975.69
17 10 540343.263
18 10 892047.916
19 10 887.124153
20 10 21338.7882
21 10 -4262.88638
22 10 -1475809.99
23 10 142229.015
24 10 414494.785
25 10 730.828092
26 10 8328.10876
27 10 -1860.7957
28 10 -536563.462
29 10 72493.4377
30 10 148111.519
31 10 567.422649
32 10 6588.11814
33 10 -1851.50549
34 10 -398111.662
35 10 57846.8762
36 10 82936.3903
37 10 105.224516
38 10 2545.97615
39 10 -592.403668
40 10 -141526.793
41 10 11597.4331
42 10 24005.9058
1 11 -108145.855
2 11 -1562.30656
3 11 -9767.82963
4 11 254815.664
5 11 -3674485.41
6 11 -36504.2632
7 11 498114.551
8 11 8132.90383
9 11 -87042.0169
10 11 -2491236.32
11 11 85981431.1
12 11 -1186874.98
13 11 -70346.5784
14 11 2914.76206
15 11 18755.9802
16 11 311602.572
17 11 -4535612.35
18 11 628952.858
19 11 -22004.5631
20 11 -2220.1291
21 11 6412.65233
22 11 232817.038
23 11 -1674543.44
24 11 200159.32
25 11 -8066.54989
26 11 -931.444454
27 11 2439.99199
28 11 81458.2663
29 11 -594519.334
30 11 84703.7436
31 11 -6768.45019
32 11 -387.682101
33 11 1822.36035
34 11 47529.2012
35 11 -410263.055
36 11 91306.3951
37 11 -2387.97262
38 11 -300.173582
39 11 397.297743
40 11 21649.2383
41 11 -140184.058
42 11 24570.9094
1 12 -14971.2641
2 12 10818.3224
3 12 506.336944
4 12 258903.67
5 12 45185.2491
6 12 -454518.149
7 12 -13730.6374
8 12 80818.3848
9 12 67.0856464
10 12 -20385357.2
11 12 -1186874.98
12 12 10427549.9
13 12 13208.3791
14 12 -19616.4493
15 12 236.731916
16 12 1172476.43
17 12 739468.383
18 12 -481300.354
19 12 4718.89402
20 12 -5636.20465
21 12 -217.685302
22 12 402744.622
23 12 305409.09
24 12 -180997.418
25 12 1636.34695
26 12 -2067.04775
27 12 -43.0265057
28 12 140039.296
29 12 108857.241
30 12 -65356.3772
31 12 1291.39516
32 12 -1917.35735
33 12 170.608811
34 12 108608.229
35 12 69827.7102
36 12 -46082.143
37 12 505.42707
38 12 -566.630906
39 12 59.1800563
40 12 33195.76
41 12 26313.7373
42 12 -11839.7623
1 13 -218.736247
2 13 2.76589073
3 13 54.6975134
4 13 499.111864
5 13 -12116.9796
6 13 2431.69076
7 13 -1339.49988
8 13 220.809897
9 13 372.567553
10 13 820.099943
11 13 -70346.5784
12 13 13208.3791
13 13 7888.03823
14 13 -331.297455
15 13 -1171.03811
16 13 -4795.7776
17 13 492241.938
18 13 -30714.5273
19 13 -2128.56564
20 13 -104.320528
21 13 247.48917
22 13 6059.01145
23 13 -91505.1851
24 13 5901.98136
25 13 -842.320379
26 13 -75.3361381
27 13 90.7104137
28 13 2272.23427
29 13 -27183.09
30 13 3484.96789
31 13 -75.2911994
32 13 -1.15826974
33 13 15.5820667
34 13 257.748398
35 13 -4419.54129
36 13 905.183323
37 13 -41.4882707
38 13 -2.65831872
39 13 4.78184465
40 13 143.889709
41 13 -1816.17214
42 13 253.705842
1 14 -1.08261169
2 14 -214.042196
3 14 47.3696951
4 14 11605.3889
5 14 -692.319422
6 14 -2882.17827
7 14 297.023855
8 14 -1564.38528
9 14 251.856794
10 14 71297.9823
11 14 2914.76206
12 14 -19616.4493
13 14 -331.297455
14 14 8378.14815
15 14 -997.759037
16 14 -486286.499
17 14 4776.04037
18 14 101132.347
19 14 126.881341
20 14 -2133.70107
21 14 207.389566
22 14 91127.996
23 14 3629.25111
24 14 -12756.7031
25 14 7.08420479
26 14 -982.411751
27 14 185.590262
28 14 30744.58
29 14 44.8715101
30 14 -3344.33969
31 14 0.974347556
32 14 -76.9935736
33 14 17.3156665
34 14 4520.0798
35 14 -136.235856
36 14 -836.952375
37 14 2.76329764
38 14 -43.5409072
39 14 6.8633963
40 14 1909.34011
41 14 87.7614243
42 14 -218.264016
1 15 30.7953253
2 15 49.7280935
3 15 -19.4451465
4 15 -2686.76678
5 15 2003.48814
6 15 280.124691
7 15 275.617913
8 15 217.326846
9 15 -184.770677
10 15 -13906.0903
11 15 18755.9802
12 15 236.731916
13 15 -1171.03811
14 15 -997.759037
15 15 908.04417
16 15 35641.2341
17 15 -115944.707
18 15 -0.703214841
19 15 187.310206
20 15 289.141267
21 15 -117.98488
22 15 -10251.1677
23 15 11090.9741
24 15 535.920047
25 15 85.0672492
26 15 187.026083
27 15 -56.2255002
28 15 -4877.53221
29 15 3263.32245
30 15 16.6205771
31 15 15.8779451
32 15 12.1922225
33 15 -6.73155018
34 15 -733.670944
35 15 932.054761
36 15 -59.8280557
37 15 6.07066735
38 15 6.99894662
39 15 -1.94263235
40 15 -297.556584
41 15 272.167894
42 15 -9.27689205
1 16 367.868309
2 16 9356.63315
3 16 -2076.83124
4 16 -755444.355
5 16 77874.9694
6 16 203974.895
7 16 -1369.71407
8 16 55035.1371
9 16 -12219.032
10 16 -4129975.69
11 16 311602.572
12 16 1172476.43
13 16 -4795.7776
14 16 -486286.499
15 16 35641.2341
16 16 82461928.1
17 16 -992249.836
18 16 -24039826.1
19 16 -4294.72985
20 16 108901.645
21 16 -8367.02647
22 16 -6129985.92
23 16 -77169.0819
24 16 1104480.19
25 16 121.961989
26 16 44466.321
27 16 -7161.49743
28 16 -1850896.19
29 16 20833.1593
30 16 272759.341
31 16 110.939849
32 16 6032.85368
33 16 -1364.3072
34 16 -429134.482
35 16 24806.3807
36 16 75902.1848
37 16 -131.934588
38 16 3156.60016
39 16 -482.00113
40 16 -181113.758
41 16 -1967.97164
42 16 25766.3584
1 17 -9350.82974
2 17 -206.15182
3 17 2515.56238
4 17 64162.4973
5 17 -814385.368
6 17 130806.489
7 17 -55045.1429
8 17 -1538.99151
9 17 18496.6353
10 17 540343.263
11 17 -4535612.35
12 17 739468.383
13 17 492241.938
14 17 4776.04037
15 17 -115944.707
16 17 -992249.836
17 17 97474103.8
18 17 -463419.434
19 17 -107793.784
20 17 -7247.60112
21 17 16234.2137
22 17 570794.148
23 17 -6329677.15
24 17 267294.868
25 17 -38539.2211
26 17 -3597.59214
27 17 5202.02136
28 17 147358.579
29 17 -1734365.3
30 17 155466.372
31 17 -6040.41758
32 17 -286.155185
33 17 1260.53462
34 17 37258.5443
35 17 -432103.961
36 17 81094.8519
37 17 -3021.52476
38 17 -260.934517
39 17 369.92714
40 17 20015.8052
41 17 -178548.141
42 17 23824.2386
1 18 1996.34233
2 18 -1398.06508
3 18 -230.648886
4 18 129886.762
5 18 137926.523
6 18 -67532.214
7 18 8420.45654
8 18 -10948.457
9 18 -173.420242
10 18 892047.916
11 18 628952.858
12 18 -481300.354
13 18 -30714.5273
14 18 101132.347
15 18 -0.703214841
16 18 -24039826.1
17 18 -463419.434
18 18 12356756
19 18 11960.1195
20 18 -11278.7632
21 18 -624.583872
22 18 828711.146
23 18 557662.574
24 18 -431382.815
25 18 5869.51102
26 18 -4007.69593
27 18 35.7419172
28 18 210519.787
29 18 195696.394
30 18 -99885.695
31 18 878.325909
32 18 -1198.1808
33 18 94.8881299
34 18 80636.9403
35 18 53828.3667
36 18 -29802.7677
37 18 457.404385
38 18 -451.693601
39 18 23.3021627
40 18 28345.7964
41 18 25405.9969
42 18 -8737.16988
1 19 -66.6251023
2 19 3.96179498
3 19 19.5942972
4 19 27.9635419
5 19 -4204.33549
6 19 872.231975
7 19 -307.157901
8 19 6.34916193
9 19 82.7673348
10 19 887.124153
11 19 -22004.5631
12 19 4718.89402
13 19 -2128.56564
14 19 126.881341
15 19 187.310206
16 19 -4294.72985
17 19 -107793.784
18 19 11960.1195
19 19 10948.3003
20 19 -114.57978
21 19 -1108.83463
22 19 -3510.80402
23 19 519314.978
24 19 -23508.6584
25 19 -3747.34516
26 19 74.0634535
27 19 -66.4877081
28 19 -2036.35003
29 19 -111489.354
30 19 11200.9284
31 19 -218.015344
32 19 8.28957382
33 19 34.5044358
34 19 -69.1515153
35 19 -13649.6296
36 19 2686.07374
37 19 -127.47775
38 19 -0.615140981
39 19 14.8918449
40 19 135.589884
41 19 -7448.58705
42 19 842.507841
1 20 -4.49705847
2 20 -65.5451637
3 20 15.6294793
4 20 3923.27411
5 20 -543.49381
6 20 -1127.40289
7 20 -12.9434389
8 20 -309.444393
9 20 76.6456013
10 20 21338.7882
11 20 -2220.1291
12 20 -5636.20465
13 20 -104.320528
14 20 -2133.70107
15 20 289.141267
16 20 108901.645
17 20 -7247.60112
18 20 -11278.7632
19 20 -114.57978
20 20 11450.6351
21 20 -1041.76292
22 20 -519259.753
23 20 3495.36819
24 20 88347.0664
25 20 -57.2097092
26 20 -4008.71938
27 20 567.098075
28 20 117458.449
29 20 -2130.42074
30 20 -2848.79548
31 20 -9.05230519
32 20 -219.342141
33 20 47.5182658
34 20 13891.1355
35 20 -1019.78919
36 20 -2041.555
37 20 0.886159525
38 20 -128.600258
39 20 17.3940331
40 20 7464.62455
41 20 -59.8715343
42 20 -957.567823
1 21 16.6491186
2 21 13.9810892
3 21 -8.78639685
4 21 -868.946192
5 21 1201.54992
6 21 24.0573378
7 21 77.0987024
8 21 60.1428841
9 21 -38.1362066
10 21 -4262.88638
11 21 6412.65233
12 21 -217.685302
13 21 247.48917
14 21 207.389566
15 21 -117.98488
16 21 -8367.02647
17 21 16234.2137
18 21 -624.583872
19 21 -1108.83463
20 21 -1041.76292
21 21 1099.42777
22 21 26672.6529
23 21 -97535.4091
24 21 -11.2646429
25 21 105.54392
26 21 506.401579
27 21 -175.800224
28 21 -11339.607
29 21 8223.9904
30 21 -695.673247
31 21 51.0751456
32 21 25.6087031
33 21 -15.6693083
34 21 -1607.71473
35 21 3227.46855
36 21 -373.247486
37 21 24.6430759
38 21 14.3031149
39 21 -5.52771507
40 21 -747.802363
41 21 1521.39784
42 21 -84.5603636
1 22 339.060513
2 22 2666.46108
3 22 -667.570466
4 22 -291049.612
5 22 59494.836
6 22 85972.3507
7 22 1362.32745
8 22 15280.3872
9 22 -3846.10505
10 22 -1475809.99
11 22 232817.038
12 22 402744.622
13 22 6059.01145
14 22 91127.996
15 22 -10251.1677
16 22 -6129985.92
17 22 570794.148
18 22 828711.146
19 22 -3510.80402
20 22 -519259.753
21 22 26672.6529
22 22 63778006.2
23 22 -936202.334
24 22 -17793991.7
25 22 3000.3085
26 22 139567.329
27 22 -16092.632
28 22 -5996632.44
29 22 183476.488
30 22 654552.547
31 22 1111.99565
32 22 16189.0983
33 22 -3435.28526
34 22 -1221098.09
35 22 122045.762
36 22 179352.43
37 22 128.014246
38 22 9984.32413
39 22 -1244.98845
40 22 -701181.811
41 22 24182.3064
42 22 104450.464
1 23 -2837.16948
2 23 15.0675716
3 23 919.479993
4 23 19603.8386
5 23 -341372.897
6 23 56775.395
7 23 -16159.3575
8 23 -394.958125
9 23 4924.06071
10 23 142229.015
11 23 -1674543.44
12 23 305409.09
13 23 -91505.1851
14 23 3629.25111
15 23 11090.9741
16 23 -77169.0819
17 23 -6329677.15
18 23 557662.574
19 23 519314.978
20 23 3495.36819
21 23 -97535.4091
22 23 -936202.334
23 23 74633505.1
24 23 -473289.128
25 23 -131832.037
26 23 2055.97939
27 23 4568.42175
28 23 -68452.9948
29 23 -6002772.51
30 23 302375.576
31 23 -16755.4257
32 23 184.78057
33 23 2740.6237
34 23 26261.2978
35 23 -1262112.89
36 23 228647.057
37 23 -10209.3817
38 23 -236.285059
39 23 1348.57975
40 23 30758.7508
41 23 -738162.571
42 23 75598.1339
1 24 507.584497
2 24 -700.003811
3 24 -17.5156412
4 24 79935.3525
5 24 44414.4797
6 24 -36344.2592
7 24 2530.8429
8 24 -4130.37191
9 24 176.939105
10 24 414494.785
11 24 200159.32
12 24 -180997.418
13 24 5901.98136
14 24 -12756.7031
15 24 535.920047
16 24 1104480.19
17 24 267294.868
18 24 -431382.815
19 24 -23508.6584
20 24 88347.0664
21 24 -11.2646429
22 24 -17793991.7
23 24 -473289.128
24 24 9026596.7
25 24 12431.9536
26 24 -7299.08314
27 24 675.046291
28 24 731660.144
29 24 231352.781
30 24 -383876.376
31 24 1693.51975
32 24 -3664.00926
33 24 459.12542
34 24 275564.319
35 24 102748.701
36 24 -74313.4883
37 24 976.005937
38 24 -1957.69905
39 24 121.976492
40 24 148711.299
41 24 59465.6619
42 24 -35509.9728
1 25 -35.85111
2 25 -4.23776998
3 25 9.14245523
4 25 283.196533
5 25 -1845.50205
6 25 330.044435
7 25 -104.922706
8 25 -5.51357433
9 25 29.5414968
10 25 730.828092
11 25 -8066.54989
12 25 1636.34695
13 25 -842.320379
14 25 7.08420479
15 25 85.0672492
16 25 121.961989
17 25 -38539.2211
18 25 5869.51102
19 25 -3747.34516
20 25 -57.2097092
21 25 105.54392
22 25 3000.3085
23 25 -131832.037
24 25 12431.9536
25 25 14142.1229
26 25 -162.900079
27 25 -1176.45571
28 25 -7375.33001
29 25 549449.235
30 25 -46926.8916
31 25 -3866.67082
32 25 124.808695
33 25 28.7255842
34 25 756.224067
35 25 -127098.532
36 25 25340.8264
37 25 -783.840091
38 25 -22.9747589
39 25 155.200793
40 25 2626.68892
41 25 -40643.0486
42 25 6475.5424
1 26 -9.26370965
2 26 -48.3442353
3 26 12.6948845
4 26 2414.47002
5 26 -558.869916
6 26 -444.411324
7 26 -8.54238898
8 26 -116.883932
9 26 29.0376374
10 26 8328.10876
11 26 -931.444454
12 26 -2067.04775
13 26 -75.3361381
14 26 -982.411751
15 26 187.026083
16 26 44466.321
17 26 -3597.59214
18 26 -4007.69593
19 26 74.0634535
20 26 -4008.71938
21 26 506.401579
22 26 139567.329
23 26 2055.97939
24 26 -7299.08314
25 26 -162.900079
26 26 16381.0723
27 26 -1913.24727
28 26 -580257.588
29 26 6874.72097
30 26 77140.2104
31 26 31.2252277
32 26 -5244.63286
33 26 1256.1663
34 26 147353.16
35 26 -2250.24393
36 26 632.704546
37 26 18.0292134
38 26 -779.766255
39 26 143.573008
40 26 39692.7251
41 26 -536.375195
42 26 -7731.369
1 27 5.22203406
2 27 13.031873
3 27 -4.06089091
4 27 -643.707606
5 27 325.94722
6 27 81.1111789
7 27 27.4835161
8 27 25.6414314
9 27 -14.3046629
10 27 -1860.7957
11 27 2439.99199
12 27 -43.0265057
13 27 90.7104137
14 27 185.590262
15 27 -56.2255002
16 27 -7161.49743
17 27 5202.02136
18 27 35.7419172
19 27 -66.4877081
20 27 567.098075
21 27 -175.800224
22 27 -16092.632
23 27 4568.42175
24 27 675.046291
25 27 -1176.45571
26 27 -1913.24727
27 27 2072.87237
28 27 59793.0743
29 27 -93491.496
30 27 566.202898
31 27 568.981166
32 27 770.868808
33 27 -558.496483
34 27 -22056.2425
35 27 25184.7401
36 27 -5006.59758
37 27 208.716987
38 27 129.818304
39 27 -78.496849
40 27 -6731.72084
41 27 11428.2096
42 27 -638.400177
1 28 235.781318
2 28 1206.65558
3 28 -312.262134
4 28 -105183.978
5 28 22838.215
6 28 25353.7558
7 28 498.887809
8 28 5366.96344
9 28 -1349.79506
10 28 -536563.462
11 28 81458.2663
12 28 140039.296
13 28 2272.23427
14 28 30744.58
15 28 -4877.53221
16 28 -1850896.19
17 28 147358.579
18 28 210519.787
19 28 -2036.35003
20 28 117458.449
21 28 -11339.607
22 28 -5996632.44
23 28 -68452.9948
24 28 731660.144
25 28 -7375.33001
26 28 -580257.588
27 28 59793.0743
28 28 51675850.5
29 28 -1759161.91
30 28 -12723264.4
31 28 5409.68526
32 28 178097.555
33 28 -42055.67
34 28 -7381893.12
35 28 497574.623
36 28 590238.327
37 28 974.409235
38 28 50378.5699
39 28 -9295.6138
40 28 -3079619.24
41 28 177336.946
42 28 601865.972
1 29 -904.54427
2 29 -112.329085
3 29 247.431179
4 29 12022.7406
5 29 -102592.942
6 29 15455.1426
7 29 -5459.99785
8 29 -381.095626
9 29 1684.74037
10 29 72493.4377
11 29 -594519.334
12 29 108857.241
13 29 -27183.09
14 29 44.8715101
15 29 3263.32245
16 29 20833.1593
17 29 -1734365.3
18 29 195696.394
19 29 -111489.354
20 29 -2130.42074
21 29 8223.9904
22 29 183476.488
23 29 -6002772.51
24 29 231352.781
25 29 549449.235
26 29 6874.72097
27 29 -93491.496
28 29 -1759161.91
29 29 57493088.6
30 29 -2204710.96
31 29 -153639.712
32 29 -353.165017
33 29 13708.708
34 29 327218.94
35 29 -7206530.55
36 29 1281246.51
37 29 -53316.3311
38 29 -3633.05085
39 29 11607.1231
40 29 346050.008
41 29 -3361840.9
42 29 478318.523
1 30 199.843945
2 30 -95.9284687
3 30 -29.1009277
4 30 18755.6089
5 30 15778.6843
6 30 -9114.13292
7 30 931.889427
8 30 -1394.25905
9 30 43.2896647
10 30 148111.519
11 30 84703.7436
12 30 -65356.3772
13 30 3484.96789
14 30 -3344.33969
15 30 16.6205771
16 30 272759.341
17 30 155466.372
18 30 -99885.695
19 30 11200.9284
20 30 -2848.79548
21 30 -695.673247
22 30 654552.547
23 30 302375.576
24 30 -383876.376
25 30 -46926.8916
26 30 77140.2104
27 30 566.202898
28 30 -12723264.4
29 30 -2204710.96
30 30 6335000.79
31 30 18991.6383
32 30 -20003.1829
33 30 3281.52883
34 30 1421717.2
35 30 660545.574
36 30 -672637.008
37 30 7705.87558
38 30 -13038.1094
39 30 793.082647
40 30 798582.468
41 30 420721.59
42 30 -278242.542
1 31 -0.479514844
2 31 -0.00232012386
3 31 0.156041022
4 31 8.60467926
5 31 -160.206334
6 31 23.415062
7 31 -79.0044682
8 31 -1.96573025
9 31 24.5945817
10 31 567.422649
11 31 -6768.45019
12 31 1291.39516
13 31 -75.2911994
14 31 0.974347556
15 31 15.8779451
16 31 110.939849
17 31 -6040.41758
18 31 878.325909
19 31 -218.015344
20 31 -9.05230519
21 31 51.0751456
22 31 1111.99565
23 31 -16755.4257
24 31 1693.51975
25 31 -3866.67082
26 31 31.2252277
27 31 568.981166
28 31 5409.68526
29 31 -153639.712
30 31 18991.6383
31 31 11082.991
32 31 -244.979692
33 31 -1274.78458
34 31 -13231.4855
35 31 517130.069
36 31 -71421.1532
37 31 -2949.51483
38 31 -98.0671808
39 31 888.546016
40 31 11717.1227
41 31 -123649.765
42 31 17626.5334
1 32 -0.020350939
2 32 -0.474822227
3 32 0.0849729598
4 32 147.327392
5 32 -14.615547
6 32 -45.5096005
7 32 0.306072647
8 32 -80.6197776
9 32 17.404975
10 32 6588.11814
11 32 -387.682101
12 32 -1917.35735
13 32 -1.15826974
14 32 -76.9935736
15 32 12.1922225
16 32 6032.85368
17 32 -286.155185
18 32 -1198.1808
19 32 8.28957382
20 32 -219.342141
21 32 25.6087031
22 32 16189.0983
23 32 184.78057
24 32 -3664.00926
25 32 124.808695
26 32 -5244.63286
27 32 770.868808
28 32 178097.555
29 32 -353.165017
30 32 -20003.1829
31 32 -244.979692
32 32 12613.5691
33 32 -2269.35344
34 32 -526436.731
35 32 10595.3285
36 32 78569.3044
37 32 184.469904
38 32 -2922.54709
39 32 595.076043
40 32 120069.46
41 32 -439.571007
42 32 -29744.4307
1 33 0.118229508
2 33 0.111746047
3 33 -0.0568371366
4 33 -36.3333178
5 33 41.4119713
6 33 5.03757773
7 33 20.0229125
8 33 21.3658956
9 33 -11.1884598
10 33 -1851.50549
11 33 1822.36035
12 33 170.608811
13 33 15.5820667
14 33 17.3156665
15 33 -6.73155018
16 33 -1364.3072
17 33 1260.53462
18 33 94.8881299
19 33 34.5044358
20 33 47.5182658
21 33 -15.6693083
22 33 -3435.28526
23 33 2740.6237
24 33 459.12542
25 33 28.7255842
26 33 1256.1663
27 33 -558.496483
28 33 -42055.67
29 33 13708.708
30 33 3281.52883
31 33 -1274.78458
32 33 -2269.35344
33 33 2250.94559
34 33 84550.2339
35 33 -103135.567
36 33 2673.20417
37 33 743.591046
38 33 769.662453
39 33 -508.58922
40 33 -28804.5753
41 33 30666.6983
42 33 2102.43117
1 34 13.3360518
2 34 137.079353
3 34 -26.7575111
4 34 -46789.519
5 34 7389.45856
6 34 14072.1946
7 34 229.437922
8 34 4178.77364
9 34 -980.50712
10 34 -398111.662
11 34 47529.2012
12 34 108608.229
13 34 257.748398
14 34 4520.0798
15 34 -733.670944
16 34 -429134.482
17 34 37258.5443
18 34 80636.9403
19 34 -69.1515153
20 34 13891.1355
21 34 -1607.71473
22 34 -1221098.09
23 34 26261.2978
24 34 275564.319
25 34 756.224067
26 34 147353.16
27 34 -22056.2425
28 34 -7381893.12
29 34 327218.94
30 34 1421717.2
31 34 -13231.4855
32 34 -526436.731
33 34 84550.2339
34 34 62172520.5
35 34 -2780797.32
36 34 -15751973.1
37 34 1234.851
38 34 146102.312
39 34 -27030.9563
40 34 -7933632.03
41 34 438640.026
42 34 1763520.14
1 35 -139.298591
2 35 -8.0357976
3 35 46.609771
4 35 5260.35193
5 35 -51408.0482
6 35 6577.59725
7 35 -4106.5828
8 35 -353.974955
9 35 1328.51781
10 35 57846.8762
11 35 -410263.055
12 35 69827.7102
13 35 -4419.54129
14 35 -136.235856
15 35 932.054761
16 35 24806.3807
17 35 -432103.961
18 35 53828.3667
19 35 -13649.6296
20 35 -1019.78919
21 35 3227.46855
22 35 122045.762
23 35 -1262112.89
24 35 102748.701
25 35 -127098.532
26 35 -2250.24393
27 35 25184.7401
28 35 497574.623
29 35 -7206530.55
30 35 660545.574
31 35 517130.069
32 35 10595.3285
33 35 -103135.567
34 35 -2780797.32
35 35 69372765.4
36 35 -4291366.07
37 35 -146150.349
38 35 -14692.4979
39 35 42468.7636
40 35 1142722.48
41 35 -8186638.93
42 35 861920.849
1 36 29.2203067
2 36 -30.6668017
3 36 -4.48612262
4 36 9952.69781
5 36 10073.1546
6 36 -4875.87323
7 36 993.546511
8 36 -956.262675
9 36 -93.0751369
10 36 82936.3903
11 36 91306.3951
12 36 -46082.143
13 36 905.183323
14 36 -836.952375
15 36 -59.8280557
16 36 75902.1848
17 36 81094.8519
18 36 -29802.7677
19 36 2686.07374
20 36 -2041.555
21 36 -373.247486
22 36 179352.43
23 36 228647.057
24 36 -74313.4883
25 36 25340.8264
26 36 632.704546
27 36 -5006.59758
28 36 590238.327
29 36 1281246.51
30 36 -672637.008
31 36 -71421.1532
32 36 78569.3044
33 36 2673.20417
34 36 -15751973.1
35 36 -4291366.07
36 36 9050307.88
37 36 31602.1141
38 36 -31505.5792
39 36 -2761.73501
40 36 1489746.84
41 36 1463638.85
42 36 -836811.251
1 37 -0.506578909
2 37 0.022442585
3 37 0.160731068
4 37 1.37553364
5 37 -168.319866
6 37 27.1067609
7 37 -31.0314524
8 37 0.26098474
9 37 7.58497284
10 37 105.224516
11 37 -2387.97262
12 37 505.42707
13 37 -41.4882707
14 37 2.76329764
15 37 6.07066735
16 37 -131.934588
17 37 -3021.52476
18 37 457.404385
19 37 -127.47775
20 37 0.886159525
21 37 24.6430759
22 37 128.014246
23 37 -10209.3817
24 37 976.005937
25 37 -783.840091
26 37 18.0292134
27 37 208.716987
28 37 974.409235
29 37 -53316.3311
30 37 7705.87558
31 37 -2949.51483
32 37 184.469904
33 37 743.591046
34 37 1234.851
35 37 -146150.349
36 37 31602.1141
37 37 8059.51013
38 37 -144.602518
39 37 -1253.11294
40 37 -9389.72624
41 37 415731.455
42 37 -33768.0869
1 38 -0.0421596945
2 38 -0.494047793
3 38 0.0952520269
4 38 153.183984
5 38 -22.1419025
6 38 -46.1760666
7 38 -2.19061332
8 38 -33.5435822
9 38 8.0651478
10 38 2545.97615
11 38 -300.173582
12 38 -566.630906
13 38 -2.65831872
14 38 -43.5409072
15 38 6.99894662
16 38 3156.60016
17 38 -260.934517
18 38 -451.693601
19 38 -0.615140981
20 38 -128.600258
21 38 14.3031149
22 38 9984.32413
23 38 -236.285059
24 38 -1957.69905
25 38 -22.9747589
26 38 -779.766255
27 38 129.818304
28 38 50378.5699
29 38 -3633.05085
30 38 -13038.1094
31 38 -98.0671808
32 38 -2922.54709
33 38 769.662453
34 38 146102.312
35 38 -14692.4979
36 38 -31505.5792
37 38 -144.602518
38 38 8320.64242
39 38 -1148.52516
40 38 -402469.161
41 38 9487.47989
42 38 88486.7235
1 39 0.135745793
2 39 0.0868201976
3 39 -0.0584127641
4 39 -28.8153973
5 39 46.7282104
6 39 1.71932363
7 39 4.52861502
8 39 7.669353
9 39 -2.83968354
10 39 -592.403668
11 39 397.297743
12 39 59.1800563
13 39 4.78184465
14 39 6.8633963
15 39 -1.94263235
16 39 -482.00113
17 39 369.92714
18 39 23.3021627
19 39 14.8918449
20 39 17.3940331
21 39 -5.52771507
22 39 -1244.98845
23 39 1348.57975
24 39 121.976492
25 39 155.200793
26 39 143.573008
27 39 -78.496849
28 39 -9295.6138
29 39 11607.1231
30 39 793.082647
31 39 888.546016
32 39 595.076043
33 39 -508.58922
34 39 -27030.9563
35 39 42468.7636
36 39 -2761.73501
37 39 -1253.11294
38 39 -1148.52516
39 39 1532.47761
40 39 38623.5013
41 39 -100669.052
42 39 -21.0021971
1 40 18.176976
2 40 135.842723
3 40 -28.1337744
4 40 -46358.5995
5 40 9119.7915
6 40 13650.6728
7 40 113.413689
8 40 1223.47369
9 40 -299.35854
10 40 -141526.793
11 40 21649.2383
12 40 33195.76
13 40 143.889709
14 40 1909.34011
15 40 -297.556584
16 40 -181113.758
17 40 20015.8052
18 40 28345.7964
19 40 135.589884
20 40 7464.62455
21 40 -747.802363
22 40 -701181.811
23 40 30758.7508
24 40 148711.299
25 40 2626.68892
26 40 39692.7251
27 40 -6731.72084
28 40 -3079619.24
29 40 346050.008
30 40 798582.468
31 40 11717.1227
32 40 120069.46
33 40 -28804.5753
34 40 -7933632.03
35 40 1142722.48
36 40 1489746.84
37 40 -9389.72624
38 40 -402469.161
39 40 38623.5013
40 40 59967641.4
41 40 -1715257.27
42 40 -17686950.8
1 41 -144.398919
2 41 -0.0202582886
3 41 46.9554796
4 41 2617.6079
5 41 -53015.2302
6 41 7702.021
7 41 -1118.66267
8 41 -28.0428138
9 41 288.657045
10 41 11597.4331
11 41 -140184.058
12 41 26313.7373
13 41 -1816.17214
14 41 87.7614243
15 41 272.167894
16 41 -1967.97164
17 41 -178548.141
18 41 25405.9969
19 41 -7448.58705
20 41 -59.8715343
21 41 1521.39784
22 41 24182.3064
23 41 -738162.571
24 41 59465.6619
25 41 -40643.0486
26 41 -536.375195
27 41 11428.2096
28 41 177336.946
29 41 -3361840.9
30 41 420721.59
31 41 -123649.765
32 41 -439.571007
33 41 30666.6983
34 41 438640.026
35 41 -8186638.93
36 41 1463638.85
37 41 415731.455
38 41 9487.47989
39 41 -100669.052
40 41 -1715257.27
41 41 72691711.2
42 41 -1324815.02
1 42 22.1864058
2 42 -34.4049766
3 42 -1.5862817
4 42 11332.0481
5 42 7398.40263
6 42 -4894.56278
7 42 232.966007
8 42 -170.594957
9 42 -21.1436815
10 42 24005.9058
11 42 24570.9094
12 42 -11839.7623
13 42 253.705842
14 42 -218.264016
15 42 -9.27689205
16 42 25766.3584
17 42 23824.2386
18 42 -8737.16988
19 42 842.507841
20 42 -957.567823
21 42 -84.5603636
22 42 104450.464
23 42 75598.1339
24 42 -35509.9728
25 42 6475.5424
26 42 -7731.369
27 42 -638.400177
28 42 601865.972
29 42 478318.523
30 42 -278242.542
31 42 17626.5334
32 42 -29744.4307
33 42 2102.43117
34 42 1763520.14
35 42 861920.849
36 42 -836811.251
37 42 -33768.0869
38 42 88486.7235
39 42 -21.0021971
40 42 -17686950.8
41 42 -1324815.02
42 42 9815847.6
